9

0
0.000000
0.000000
0.000000
0.000000
0.000000
0.000000
0.000000
0.000000
0.000000
0.000000
0.000000
0.000000
0.000000
0.000000
0.000000
0.000000
0.000000
0.000000
0.000000
0.000000
0.000000
0.000000
0.000000
0.000000
0.000000
0.000000

1
0.646097
0.000000
0.000000
100.000000
0.000000
43.606968
0.000000
0.000000
0.000000
0.000000
15.508693
0.000000
0.000000
15.357038
0.000000
0.000000
0.000000
0.000000
0.000000
0.000000
0.000000
0.000000
0.000000
0.000000
0.000000
0.000000

2
1.115396
0.000000
0.000000
150.000000
0.000000
89.494087
0.000000
0.000000
0.000000
0.000000
36.634480
0.000000
0.000000
18.126923
0.000000
0.000000
0.000000
0.000000
0.000000
0.000000
0.667044
0.000000
0.000000
0.000000
0.000000
0.000000

3
1.955045
18.101679
12.310693
150.000000
0.000000
119.721710
0.000000
0.000000
-28.827528
-8.142185
36.634480
0.000000
0.000000
18.126923
0.000000
0.000000
0.000000
0.000000
0.000000
0.000000
0.667044
0.000000
0.000000
20.667622
-7.518050
0.000000

4
1.955045
18.101679
12.310693
150.000000
0.000000
119.721710
0.000000
0.000000
-28.827499
0.000000
0.000000
0.000000
0.000000
0.000000
-30.000000
0.000000
0.000000
20.908333
0.000000
0.000000
0.000000
0.000000
0.000000
20.667622
-7.518050
0.000000

5
2.240285
18.101679
-31.869848
150.000000
0.000000
100.000000
0.000000
15.000000
-28.827499
0.000000
30.000000
0.000000
0.000000
30.000000
-30.000000
0.000000
0.000000
20.908333
0.000000
0.000000
0.500000
0.000000
0.000000
20.000000
0.000000
0.000000

6
2.690115
18.101679
-31.869848
150.000000
30.000000
100.000000
0.000000
15.000000
-28.827499
0.000000
0.000000
0.000000
0.000000
10.000000
-30.000000
0.000000
0.000000
20.908333
0.000000
0.000000
0.000000
0.000000
0.000000
20.000000
0.000000
0.000000

7
3.040086
-20.000000
30.000000
100.000000
30.000000
136.461975
-31.238733
15.000000
-28.827499
0.000000
0.000000
0.000000
1.907729
10.000000
-30.000000
-15.000000
0.000000
0.000000
15.000000
0.000000
0.000000
0.000000
0.000000
20.000000
0.000000
0.000000

8
3.589123
-20.000000
-20.000000
200.000000
0.000000
0.000000
-31.238733
30.000000
-28.827499
0.000000
0.000000
45.000000
5.129580
40.000000
-30.000000
-15.000000
0.000000
0.000000
15.000000
0.000000
0.000000
0.000000
0.000000
20.000000
0.000000
0.000000

9
3.989137
0.000000
0.000000
0.000000
0.000000
0.000000
0.000000
0.000000
0.000000
0.000000
0.000000
0.000000
0.000000
0.000000
0.000000
0.000000
0.000000
0.000000
0.000000
0.000000
0.000000
0.000000
0.000000
0.000000
0.000000
0.000000

